0 1992
1 1990
2 1992
3 1992
4 1993
5 1991
6 1993
7 1993
8 1993
9 1994
10 1991
11 1991
12 1993
13 1994
14 1992
15 1992
16 1991
17 1992
18 1992
19 1993
20 1991
21 1992
22 1992
23 1992
24 1992
25 1992
26 1991
27 1991
28 1992
29 1993
30 1991
31 1992
32 1992
33 1993
34 1993
35 1992
36 1992
37 1991
38 1991
39 1991
40 1995
41 1993
42 1994
43 1991
44 1991
45 1993
46 1994
47 1992
48 1992
49 1992
50 1991
51 1991
52 1993
53 1993
54 1992
55 1991
56 1991
57 1991
58 1992
59 1991
60 1992
61 1991
62 1992
63 1991
64 1993
65 1990
66 1991
67 1992
68 1990
69 1992
70 1991
71 1990
72 1991
73 1991
74 1992
75 1994
76 1992
77 1992
78 1993
79 1994
80 1994
81 1992
82 1992
83 1994
84 1993
85 1991
86 1993
87 1992
88 1991
89 1992
90 1992
91 1993
92 1993
93 1991
94 1991
95 1992
96 1993
97 1993
98 1993
99 1993
100 1992
101 1993
102 1993
103 1992
