0 1994
1 1993
2 1993
3 1994
4 1991
5 1993
6 1995
7 1993
8 1991
9 1995
10 1994
11 1994
12 1993
13 1993
14 1992
15 1993
16 1993
17 1993
18 1993
19 1994
20 1992
21 1993
22 1995
23 1993
24 1993
25 1992
26 1992
27 1994
28 1992
29 1995
30 1992
31 1993
32 1994
33 1991
34 1994
35 1994
36 1994
37 1991
38 1994
39 1993
40 1992
41 1994
42 1994
43 1992
44 1994
45 1995
46 1992
47 1992
48 1993
49 1995
50 1995
51 1993
52 1995
53 1993
54 1994
55 1992
56 1992
57 1993
58 1992
59 1993
60 1993
61 1991
62 1992
63 1992
64 1994
65 1992
66 1993
67 1994
68 1994
69 1992
70 1993
71 1994
72 1992
73 1992
74 1993
75 1992
76 1995
77 1995
78 1995
79 1993
80 1994
81 1995
82 1994
83 1995
84 1992
85 1993
86 1994
87 1994
88 1994
89 1992
90 1993
91 1993
92 1992
93 1993
94 1992
95 1993
96 1992
97 1992
98 1993
99 1995
100 1992
101 1992
102 1993
103 1993
