0 881.01
1 876.09
2 878.97
3 873.55
4 865.73
5 873.30
6 874.42
7 868.60
8 879.45
9 869.13
10 876.41
11 872.58
12 879.83
13 871.68
14 875.33
15 873.70
16 871.84
17 888.98
18 879.89
19 876.21
20 870.99
21 870.89
22 881.77
23 880.46
24 877.48
25 875.61
26 878.64
27 871.28
28 866.15
29 868.51
30 871.32
31 877.12
32 873.05
33 873.73
34 880.94
35 883.88
36 872.97
37 884.57
38 873.61
39 873.15
40 872.91
41 864.74
42 877.79
43 876.83
44 878.10
45 867.17
46 887.96
47 867.91
48 870.59
49 873.47
50 875.59
51 868.56
52 873.74
53 871.07
54 874.53
55 870.21
56 869.38
57 875.18
58 877.43
59 880.53
60 870.82
61 880.75
62 872.87
63 877.03
64 871.83
65 870.26
66 872.27
67 865.61
68 874.36
69 867.78
70 874.90
71 875.49
72 872.65
73 872.16
74 868.82
75 879.86
76 873.47
77 879.59
78 871.00
79 878.50
80 874.76
81 877.48
82 871.72
83 877.58
84 872.34
85 873.17
86 873.40
87 873.37
88 875.79
89 876.16
90 867.92
91 878.01
92 876.29
93 874.04
94 866.93
95 874.44
96 869.25
97 872.57
98 871.90
99 874.36
100 882.51
101 871.51
102 875.95
103 876.88
