0 532.31
1 535.09
2 536.96
3 535.65
4 543.85
5 540.31
6 536.52
7 535.47
8 536.24
9 531.68
10 531.58
11 537.28
12 538.84
13 538.83
14 538.19
15 535.85
16 537.60
17 506.75
18 535.74
19 534.72
20 540.25
21 546.32
22 538.24
23 538.14
24 532.09
25 537.50
26 532.97
27 537.88
28 545.07
29 538.01
30 536.94
31 538.10
32 542.40
33 537.55
34 530.44
35 522.75
36 527.81
37 530.24
38 534.81
39 542.04
40 542.72
41 538.07
42 537.28
43 536.57
44 539.79
45 539.90
46 521.12
47 541.61
48 545.43
49 536.14
50 538.52
51 536.26
52 537.95
53 545.42
54 544.12
55 543.89
56 541.08
57 535.34
58 532.36
59 530.77
60 538.56
61 534.27
62 537.04
63 529.92
64 534.40
65 536.18
66 542.59
67 534.19
68 536.56
69 542.40
70 537.74
71 538.41
72 534.93
73 537.32
74 534.08
75 530.82
76 536.59
77 536.98
78 539.35
79 536.21
80 542.79
81 533.99
82 536.69
83 532.22
84 535.48
85 536.00
86 539.84
87 543.31
88 536.96
89 538.79
90 537.10
91 532.45
92 538.38
93 533.46
94 543.88
95 540.06
96 541.03
97 533.75
98 542.87
99 538.59
100 519.64
101 543.03
102 534.89
103 537.84
