0 88996
1 89032
2 89080
3 88908
4 89264
5 89240
6 89048
7 89144
8 89200
9 88960
10 89108
11 88956
12 88888
13 88896
14 89200
15 88948
16 89216
17 89320
18 89160
19 89120
20 89132
21 88880
22 89140
23 88940
24 88912
25 88824
26 89024
27 89276
28 89140
29 89076
30 89156
31 89076
32 89140
33 88952
34 89004
35 88988
36 89392
37 88932
38 89096
39 88856
40 88936
41 89092
42 88888
43 88872
44 89144
45 89120
46 89148
47 89212
48 89464
49 89160
50 88936
51 88828
52 88924
53 89076
54 88976
55 89076
56 88912
57 89144
58 89020
59 89144
60 88872
61 88968
62 88960
63 88860
64 88880
65 89236
66 89036
67 88980
68 89100
69 89020
70 89104
71 88968
72 89104
73 89216
74 89112
75 89144
76 88884
77 88808
78 89200
79 89068
80 89004
81 89112
82 89204
83 88988
84 88856
85 89184
86 89004
87 88976
88 89152
89 89368
90 88992
91 89072
92 88928
93 89024
94 89220
95 89168
96 89236
97 88956
98 88972
99 89184
100 89160
101 88880
102 89116
103 88820
