0 40
1 40
2 39
3 39
4 40
5 39
6 40
7 40
8 40
9 40
10 40
11 40
12 39
13 40
14 40
15 40
16 40
17 39
18 40
19 39
20 39
21 39
22 39
23 39
24 40
25 40
26 40
27 40
28 39
29 40
30 40
31 40
32 40
33 39
34 39
35 40
36 40
37 40
38 39
39 39
40 39
41 39
42 40
43 39
44 40
45 40
46 39
47 40
48 40
49 40
50 40
51 40
52 40
53 39
54 40
55 40
56 39
57 40
58 40
59 39
60 40
61 39
62 39
63 39
64 40
65 39
66 40
67 40
68 39
69 40
70 39
71 39
72 39
73 40
74 39
75 39
76 40
77 40
78 39
79 40
80 39
81 40
82 39
83 40
84 39
85 40
86 40
87 40
88 39
89 40
90 39
91 39
92 39
93 40
94 40
95 40
96 40
97 40
98 39
99 40
100 40
101 40
102 40
103 40
