0 770.44
1 774.31
2 750.17
3 767.71
4 755.15
5 759.12
6 785.40
7 787.26
8 777.76
9 775.89
10 783.17
11 761.27
12 758.48
13 779.40
14 772.65
15 782.24
16 775.86
17 768.33
18 762.93
19 761.66
20 759.17
21 754.98
22 760.57
23 768.57
24 773.06
25 776.84
26 782.92
27 761.00
28 776.89
29 774.78
30 775.22
31 775.40
32 768.91
33 767.71
34 761.89
35 766.94
36 768.18
37 767.19
38 753.05
39 754.85
40 765.31
41 760.86
42 765.44
43 763.51
44 775.59
45 768.49
46 765.32
47 778.48
48 781.19
49 774.66
50 771.67
51 775.72
52 768.62
53 757.47
54 756.53
55 780.56
56 766.78
57 772.64
58 768.38
59 763.62
60 768.71
61 762.75
62 762.41
63 771.13
64 775.02
65 760.18
66 775.91
67 777.64
68 773.60
69 774.30
70 770.29
71 766.52
72 769.06
73 772.57
74 761.69
75 761.05
76 772.25
77 767.34
78 763.13
79 778.39
80 749.79
81 778.53
82 765.02
83 764.77
84 767.31
85 770.22
86 775.86
87 770.89
88 758.79
89 768.84
90 767.99
91 765.74
92 762.80
93 771.89
94 776.88
95 759.35
96 768.41
97 767.29
98 757.76
99 768.35
100 766.20
101 768.44
102 768.42
103 780.00
