0 214992
1 214940
2 215172
3 214924
4 215072
5 215004
6 214968
7 215072
8 215060
9 215124
10 215128
11 214968
12 214988
13 215000
14 215044
15 215024
16 215024
17 214908
18 215140
19 214936
20 214952
21 214932
22 215196
23 215108
24 215100
25 215112
26 215144
27 215128
28 214952
29 214936
30 215152
31 215188
32 215028
33 215156
34 214984
35 215184
36 214956
37 215016
38 214996
39 215112
40 214920
41 215124
42 214936
43 215052
44 215044
45 215140
46 215164
47 215008
48 215024
49 215036
50 215016
51 215012
52 215016
53 215040
54 214900
55 215004
56 214968
57 214992
58 214968
59 215084
60 215020
61 215112
62 215012
63 221708
64 214984
65 215116
66 215048
67 214928
68 214924
69 215100
70 214936
71 215060
72 214928
73 215016
74 214912
75 215036
76 215056
77 215092
78 215088
79 215128
80 215020
81 215032
82 214988
83 215140
84 214928
85 215036
86 215048
87 214920
88 215136
89 215108
90 215164
91 215008
92 215024
93 215020
94 215104
95 214944
96 214988
97 215028
98 214908
99 214928
100 214944
101 215004
102 215004
103 214992
