0 524.04
1 522.89
2 536.77
3 518.21
4 540.41
5 528.78
6 510.19
7 521.61
8 516.47
9 524.24
10 515.81
11 529.45
12 530.54
13 522.90
14 525.29
15 514.50
16 518.25
17 519.92
18 530.28
19 525.16
20 524.48
21 531.48
22 526.46
23 518.40
24 528.27
25 526.77
26 519.76
27 532.58
28 512.67
29 523.79
30 522.79
31 516.62
32 533.99
33 517.60
34 524.69
35 531.32
36 526.69
37 523.07
38 531.97
39 528.26
40 521.29
41 527.21
42 524.74
43 525.29
44 530.42
45 532.11
46 522.47
47 526.63
48 515.14
49 527.27
50 527.95
51 520.02
52 522.23
53 528.78
54 538.59
55 517.96
56 522.36
57 526.10
58 524.93
59 526.29
60 531.84
61 522.56
62 526.42
63 515.16
64 518.83
65 527.00
66 527.07
67 520.75
68 516.01
69 526.01
70 516.84
71 519.11
72 520.60
73 521.70
74 525.46
75 525.16
76 527.90
77 522.81
78 520.08
79 520.78
80 533.38
81 524.17
82 521.29
83 528.82
84 521.05
85 529.22
86 525.76
87 525.07
88 526.29
89 527.12
90 518.89
91 518.35
92 523.29
93 523.20
94 518.17
95 535.22
96 523.25
97 522.72
98 529.11
99 530.59
100 525.72
101 521.94
102 534.35
103 516.89
