0 1040.67
1 1284.92
2 544.44
3 604.22
4 597.51
5 595.71
6 585.98
7 646.36
8 627.32
9 680.95
10 648.64
11 601.90
12 593.01
13 652.62
14 634.36
15 624.55
16 651.34
17 615.39
18 613.19
19 627.91
20 626.27
21 621.74
22 599.90
23 619.31
24 620.53
25 601.53
26 610.92
27 609.25
28 625.68
29 595.27
30 615.88
31 539.73
32 556.66
33 545.25
34 576.69
35 571.42
36 582.78
37 571.79
38 573.68
39 584.11
40 559.37
41 566.78
42 568.15
43 569.95
44 590.00
45 567.42
46 588.21
47 572.26
48 571.49
49 586.49
50 573.42
51 576.38
52 568.00
53 566.82
54 571.93
55 572.62
56 572.06
57 564.75
58 564.97
59 576.32
