0 927.07
1 939.98
2 1172.17
3 1051.99
4 1163.37
5 1299.96
6 886.06
7 946.21
8 960.37
9 911.82
10 960.93
11 1032.75
12 992.71
13 1067.69
14 1026.73
15 993.30
16 942.06
17 1062.34
18 1060.49
19 1023.21
20 1048.41
21 992.83
22 983.26
23 1009.45
24 991.63
25 994.61
26 984.74
27 984.47
28 1016.87
29 983.32
30 958.22
31 983.22
32 964.97
33 970.75
34 984.97
35 878.17
36 930.51
37 951.53
38 988.18
39 1002.88
40 970.07
41 968.40
42 979.26
43 955.61
44 966.95
45 955.70
46 946.40
47 913.14
48 949.62
49 945.04
50 970.14
51 928.69
52 951.72
53 952.01
54 920.23
55 960.49
56 978.70
57 972.76
58 957.78
59 924.28
60 932.07
61 917.76
62 918.62
63 941.33
