0 166.74
1 173.34
2 145.78
3 152.05
4 162.35
5 240.39
6 187.21
7 189.38
8 216.31
9 174.34
10 180.04
11 204.53
12 231.05
13 227.68
14 212.67
15 188.56
16 211.29
17 225.79
18 204.41
19 203.70
20 220.67
21 205.04
22 244.05
23 251.09
24 198.99
25 199.93
26 201.05
27 200.52
28 204.96
29 223.04
30 191.24
31 192.46
32 192.76
33 213.73
34 197.20
35 171.45
36 200.21
37 187.60
38 193.70
39 190.85
40 215.03
41 191.39
42 217.75
43 212.60
44 196.95
45 188.55
46 187.17
47 186.31
48 189.21
49 206.48
50 185.97
51 191.97
52 185.08
53 207.71
54 186.54
55 191.81
56 204.26
57 181.06
58 190.14
59 187.09
60 203.01
61 187.76
62 186.35
63 183.65
