0 534.99
1 539.23
2 534.43
3 537.03
4 540.93
5 544.59
6 536.25
7 531.29
8 536.57
9 540.71
10 537.96
11 537.94
12 536.92
13 536.70
14 536.81
15 540.64
16 541.67
17 534.06
18 531.61
19 538.26
20 540.18
21 532.47
22 535.47
23 552.26
24 538.75
25 542.17
26 533.34
27 533.09
28 538.04
29 535.94
30 540.74
31 537.05
32 535.67
33 537.51
34 543.26
35 535.10
36 536.03
37 536.16
38 540.78
39 539.01
40 532.93
41 537.68
42 540.98
43 532.18
44 543.66
45 536.10
46 542.07
47 542.88
48 536.47
49 535.24
50 533.68
51 535.31
52 537.76
53 536.00
54 533.38
55 560.65
56 538.99
57 537.52
58 539.17
59 538.51
60 539.67
61 536.27
62 538.47
63 512.35
64 536.51
65 535.33
66 540.33
67 528.76
68 538.79
69 535.17
70 537.66
71 534.26
72 537.29
73 532.71
74 538.04
75 536.91
76 537.99
77 538.89
78 539.34
79 542.66
80 534.96
81 538.99
82 526.87
83 540.19
84 543.27
85 531.55
86 537.87
87 534.92
88 538.49
89 545.29
90 535.52
91 534.03
92 532.57
93 535.38
94 541.37
95 530.25
96 536.17
97 545.94
98 539.17
99 537.22
100 542.71
101 531.74
102 533.33
103 536.19
