0 862.61
1 874.22
2 868.26
3 874.42
4 866.20
5 864.47
6 871.01
7 873.61
8 870.68
9 872.90
10 868.78
11 873.11
12 870.91
13 867.01
14 869.53
15 873.71
16 865.91
17 869.30
18 864.79
19 868.26
20 863.41
21 874.18
22 876.72
23 854.31
24 871.49
25 866.10
26 875.04
27 874.51
28 873.64
29 874.80
30 870.37
31 860.34
32 874.54
33 869.74
34 866.70
35 868.51
36 870.72
37 866.60
38 869.49
39 865.87
40 870.55
41 871.97
42 871.98
43 879.04
44 866.14
45 869.28
46 861.30
47 876.35
48 874.63
49 873.23
50 867.99
51 872.27
52 870.25
53 865.00
54 874.59
55 850.34
56 877.79
57 871.19
58 873.62
59 869.35
60 876.14
61 870.44
62 872.02
63 895.97
64 875.12
65 872.57
66 868.02
67 881.80
68 868.47
69 878.18
70 870.38
71 870.60
72 871.05
73 875.14
74 871.72
75 869.69
76 873.87
77 870.72
78 874.25
79 868.93
80 866.98
81 870.58
82 868.12
83 875.01
84 866.36
85 872.68
86 864.36
87 876.00
88 871.95
89 870.92
90 870.79
91 870.20
92 872.73
93 871.37
94 871.57
95 881.02
96 878.68
97 864.24
98 871.71
99 872.99
100 865.21
101 877.47
102 865.59
103 875.43
