0 85380
1 85552
2 85772
3 85704
4 85716
5 85560
6 85752
7 85728
8 85796
9 85764
10 85812
11 85488
12 85736
13 85716
14 85496
15 85676
16 85416
17 85752
18 85708
19 85640
20 85700
21 85404
22 85504
23 85700
24 85660
25 85524
26 85748
27 85584
28 85504
29 85524
30 85740
31 85680
32 85552
33 85720
34 85736
35 85764
36 85768
37 85752
38 85844
39 85392
40 85440
41 85396
42 85564
43 85820
44 85632
45 85768
46 85484
47 85776
48 85720
49 85700
50 85792
51 85660
52 85696
53 85744
54 85648
55 85664
56 85744
57 85676
58 85744
59 85400
60 85528
61 85792
62 85724
63 85692
64 85644
65 85736
66 85508
67 85756
68 85784
69 85768
70 85720
71 85832
72 85648
73 85688
74 85708
75 85720
76 85448
77 85520
78 85692
79 85780
80 85720
81 85392
82 85652
83 85704
84 85416
85 85496
86 85484
87 85756
88 85748
89 85756
90 85360
91 85672
92 85688
93 85752
94 85300
95 85500
96 85752
97 85820
98 85844
99 85788
100 85740
101 85728
102 85740
103 85648
