0 212668
1 212704
2 212688
3 212636
4 212720
5 212684
6 212576
7 212588
8 212524
9 212720
10 212596
11 212584
12 212708
13 212628
14 212672
15 212520
16 212544
17 212708
18 212612
19 212544
20 212504
21 212692
22 212680
23 212568
24 212540
25 212656
26 212588
27 212660
28 212656
29 212692
30 212612
31 212612
32 212604
33 212704
34 212560
35 212596
36 212548
37 212628
38 212600
39 212716
40 212580
41 212728
42 212640
43 212552
44 212576
45 212576
46 212568
47 212552
48 212680
49 212552
50 212696
51 212708
52 212752
53 212736
54 212620
55 212708
56 212716
57 212596
58 212608
59 212608
60 212712
61 212648
62 212632
63 212652
64 212656
65 212644
66 212676
67 212668
68 212672
69 212552
70 212632
71 212556
72 212676
73 212676
74 212708
75 212680
76 212704
77 212644
78 212584
79 212640
80 212720
81 212644
82 212552
83 212616
84 212696
85 212536
86 212572
87 212684
88 212652
89 212576
90 212616
91 212720
92 212720
93 212564
94 212692
95 212544
96 212656
97 212640
98 212624
99 212544
100 212628
101 212748
102 212620
103 212640
