0 766.28
1 754.18
2 759.78
3 778.91
4 760.03
5 745.16
6 759.76
7 767.08
8 761.16
9 750.89
10 764.35
11 760.28
12 752.68
13 765.02
14 762.01
15 764.34
16 751.07
17 754.49
18 761.90
19 764.32
20 768.67
21 759.59
22 767.24
23 757.08
24 775.80
25 753.33
26 748.32
27 770.67
28 763.59
29 770.74
30 773.92
31 765.78
32 775.23
33 753.75
34 765.57
35 766.80
36 769.98
37 757.79
38 762.78
39 771.24
40 757.21
41 760.45
42 746.56
43 759.33
44 774.21
45 763.83
46 756.59
47 752.80
48 756.33
49 764.69
50 775.97
51 760.14
52 759.70
53 754.38
54 765.94
55 755.06
56 774.71
57 756.29
58 753.85
59 761.87
60 756.23
61 763.10
62 755.62
63 756.27
64 767.39
65 745.16
66 766.05
67 767.36
68 753.69
69 767.24
70 756.69
71 744.52
72 753.31
73 760.22
74 763.17
75 753.55
76 756.75
77 768.61
78 767.05
79 757.45
80 763.81
81 758.97
82 762.88
83 762.23
84 754.39
85 761.33
86 762.05
87 760.75
88 755.70
89 756.59
90 746.77
91 758.32
92 760.70
93 750.57
94 757.91
95 762.23
96 758.54
97 769.78
98 759.03
99 760.39
100 765.32
101 751.53
102 758.62
103 757.89
