0 40
1 39
2 39
3 40
4 40
5 39
6 39
7 39
8 39
9 39
10 39
11 39
12 39
13 39
14 39
15 40
16 39
17 39
18 39
19 39
20 39
21 40
22 39
23 39
24 40
25 39
26 39
27 40
28 39
29 39
30 40
31 40
32 40
33 39
34 39
35 39
36 40
37 39
38 39
39 40
40 39
41 39
42 39
43 39
44 40
45 39
46 39
47 39
48 39
49 39
50 40
51 39
52 39
53 39
54 40
55 39
56 40
57 39
58 39
59 39
60 39
61 39
62 39
63 39
64 40
65 39
66 40
67 40
68 39
69 39
70 39
71 39
72 39
73 39
74 39
75 39
76 39
77 40
78 39
79 39
80 39
81 39
82 39
83 39
84 39
85 39
86 39
87 39
88 39
89 39
90 39
91 39
92 39
93 39
94 39
95 39
96 39
97 40
98 39
99 39
100 39
101 39
102 39
103 39
