0 527.79
1 524.96
2 526.50
3 525.09
4 538.41
5 537.00
6 520.99
7 521.11
8 522.60
9 532.87
10 521.03
11 524.69
12 528.55
13 519.28
14 524.31
15 534.10
16 532.20
17 528.08
18 518.16
19 520.67
20 514.64
21 533.31
22 516.53
23 525.75
24 521.58
25 527.50
26 533.13
27 527.25
28 521.07
29 517.40
30 518.60
31 529.37
32 520.16
33 526.98
34 515.22
35 519.06
36 522.24
37 526.14
38 522.77
39 525.60
40 528.66
41 526.79
42 537.48
43 524.02
44 521.48
45 518.63
46 522.93
47 530.05
48 527.34
49 517.90
50 521.66
51 524.40
52 524.54
53 526.53
54 528.24
55 530.64
56 526.07
57 526.06
58 528.20
59 522.64
60 521.05
61 523.95
62 528.54
63 529.46
64 530.64
65 537.15
66 531.12
67 527.07
68 531.20
69 515.41
70 528.94
71 535.35
72 530.37
73 516.49
74 525.31
75 525.94
76 525.51
77 527.03
78 515.63
79 527.14
80 524.10
81 523.78
82 520.76
83 517.93
84 531.59
85 518.65
86 523.26
87 520.85
88 529.99
89 525.13
90 536.83
91 525.08
92 523.10
93 532.02
94 525.91
95 518.94
96 523.96
97 528.44
98 522.20
99 523.16
100 513.67
101 530.37
102 525.67
103 522.80
