0 100408
1 102612
2 102552
3 103220
4 102796
5 102808
6 103300
7 102400
8 102492
9 102508
10 102600
11 102924
12 103032
13 102656
14 102932
15 102868
16 102640
17 102916
18 102836
19 103084
20 102848
21 102844
22 102968
23 102848
24 102876
25 102912
26 102896
27 102956
28 102860
29 102988
30 102712
31 103172
32 104524
33 102656
34 102836
35 102652
36 102756
37 102472
38 102840
39 102320
40 102516
41 102824
42 102660
43 102768
44 102964
45 102876
46 102916
47 102784
48 102816
49 102980
50 102852
51 102924
52 102728
53 102800
54 102796
55 102900
56 102864
57 102928
58 102800
59 102888
