0 87812
1 87600
2 82536
3 86404
4 86128
5 85228
6 95224
7 95800
8 98252
9 96072
10 98000
11 97772
12 98100
13 97536
14 97876
15 98132
16 97684
17 97880
18 97964
19 98192
20 97072
21 98100
22 98616
23 97808
24 98016
25 98084
26 97780
27 98148
28 98616
29 97828
30 98184
31 98580
32 98284
33 97920
34 97580
35 95680
36 97524
37 97540
38 98440
39 98200
40 97596
41 98048
42 98296
43 97860
44 97564
45 97928
46 97796
47 97556
48 98016
49 98252
50 98632
51 97980
52 98112
53 98172
54 97844
55 97792
56 98288
57 98404
58 98292
59 98252
60 97584
61 98112
62 98192
63 98080
