0 239168
1 239892
2 237172
3 237648
4 237700
5 237556
6 240376
7 238628
8 238084
9 239524
10 238908
11 239388
12 239144
13 239048
14 238596
15 239924
16 239780
17 239204
18 238748
19 239732
20 239416
21 239240
22 238648
23 238860
24 238940
25 238752
26 238508
27 238932
28 238680
29 238888
30 239140
31 239236
32 238588
33 238712
34 239060
35 239440
36 239332
37 239580
38 239260
39 239856
40 239032
41 239292
42 238884
43 238596
44 238992
45 238656
46 238868
47 238968
48 238536
49 238700
50 238484
51 238488
52 238472
53 238532
54 238692
55 238544
56 239028
57 238692
58 238928
59 239140
60 238616
61 238968
62 238604
63 238776
