0 931.56
1 1290.49
2 572.07
3 621.87
4 629.53
5 588.44
6 608.77
7 674.44
8 673.21
9 757.04
10 692.88
11 630.97
12 631.12
13 716.86
14 690.68
15 676.62
16 721.09
17 665.83
18 674.03
19 685.59
20 681.92
21 679.22
22 676.38
23 679.09
24 691.73
25 641.32
26 637.68
27 648.05
28 668.65
29 643.27
30 653.31
31 549.30
32 582.79
33 591.57
34 611.00
35 598.66
36 610.88
37 621.54
38 605.31
39 619.47
40 603.45
41 592.51
42 603.66
43 596.36
44 612.07
45 590.51
46 586.72
47 597.71
48 604.89
49 605.55
50 597.93
51 601.65
52 595.26
53 600.82
54 596.13
55 589.30
56 595.54
57 587.75
58 601.87
59 592.69
