0 879.39
1 944.99
2 1004.35
3 986.05
4 1092.63
5 1151.95
6 984.99
7 1068.19
8 1181.18
9 1037.38
10 1104.58
11 1191.26
12 1190.00
13 1253.45
14 1197.38
15 1153.89
16 1134.01
17 1223.08
18 1229.87
19 1218.14
20 1218.23
21 1203.53
22 1178.99
23 1212.81
24 1194.18
25 1188.08
26 1187.81
27 1190.43
28 1209.98
29 1162.27
30 1152.16
31 1159.92
32 1157.19
33 1161.64
34 1165.84
35 1068.55
36 1127.06
37 1144.00
38 1180.71
39 1165.86
40 1166.14
41 1170.75
42 1177.91
43 1175.01
44 1179.68
45 1160.36
46 1143.18
47 1143.00
48 1168.31
49 1145.87
50 1168.36
51 1118.33
52 1176.24
53 1147.02
54 1131.17
55 1152.95
56 1170.47
57 1165.91
58 1161.96
59 1146.39
60 1133.28
61 1118.93
62 1148.96
63 1124.47
