0 379.69
1 385.32
2 352.91
3 368.11
4 435.30
5 482.59
6 408.22
7 460.39
8 449.41
9 415.98
10 445.75
11 487.18
12 480.04
13 578.62
14 512.07
15 474.03
16 464.39
17 549.31
18 505.37
19 509.28
20 570.10
21 503.24
22 505.12
23 503.17
24 510.15
25 523.02
26 521.78
27 515.61
28 517.71
29 468.28
30 479.64
31 475.72
32 473.33
33 470.72
34 485.42
35 423.43
36 437.58
37 446.65
38 467.71
39 475.96
40 476.29
41 480.74
42 473.08
43 478.58
44 487.14
45 473.39
46 468.07
47 466.18
48 466.69
49 465.67
50 462.95
51 472.25
52 463.26
53 460.06
54 466.50
55 470.52
56 458.11
57 465.88
58 472.49
59 480.06
60 459.65
61 467.56
62 473.55
63 466.07
