0 11011.97
1 12197.93
2 9639.58
3 9943.30
4 10054.28
5 9642.17
6 9744.86
7 10002.02
8 9905.69
9 10260.84
10 10018.67
11 9818.88
12 9828.17
13 10106.85
14 10026.10
15 9969.91
16 10120.41
17 9924.84
18 9940.87
19 9956.89
20 9924.70
21 9936.19
22 9920.54
23 9963.22
24 9967.32
25 9844.03
26 9854.92
27 9891.48
28 9857.47
29 9879.54
30 9912.30
31 9723.01
32 9777.12
33 9810.20
34 9916.08
35 9827.08
36 9891.90
37 9883.01
38 9897.50
39 9900.92
40 9872.38
41 9871.33
42 9832.92
43 9857.26
44 9814.73
45 9833.52
46 9823.08
47 9821.87
48 9856.65
49 9843.61
50 9836.57
51 9821.96
52 9834.46
53 9837.31
54 9816.13
55 9841.04
56 9828.57
57 9841.57
58 9829.98
59 9862.68