1 9329.23
2 9382.28
3 9863.14
4 9860.46
5 10038.57
6 10561.78
7 9660.32
8 9860.95
9 9998.02
10 9699.10
11 9837.48
12 10080.06
13 9985.55
14 10380.72
15 10106.14
16 9901.39
17 9859.21
18 10200.05
19 10114.52
20 10061.01
21 10199.24
22 10012.34
23 10032.78
24 10050.19
25 10003.99
26 10027.67
27 10040.71
28 10023.89
29 10043.78
30 9963.31
31 9972.13
32 9951.07
33 9946.12
34 9962.29
35 9988.34
36 9742.61
37 9836.14
38 9876.08
39 9972.31
40 9921.94
41 9956.39
42 9950.69
43 9937.01
44 9956.35
45 9941.30
46 9939.29
47 9894.74
48 9882.16
49 9880.93
50 9890.18
51 9898.50
52 9857.01
53 9903.03
54 9885.52
55 9895.21
56 9878.08
57 9894.68
58 9886.27
59 9866.58
60 9901.97
61 9886.64
62 9886.47
63 9883.02
64 9886.28
