1 8616.76
2 8585.07
3 8563.45
4 8565.80
5 8681.90
6 9079.99
7 8860.19
8 9009.24
9 9089.16
10 8854.80
11 8932.35
12 9079.25
13 9110.60
14 9431.78
15 9183.48
16 8981.78
17 9016.79
18 9249.74
19 9144.57
20 9105.52
21 9307.80
22 9078.88
23 9126.51
24 9133.45
25 9085.24
26 9094.53
27 9103.52
28 9109.05
29 9128.76
30 9032.34
31 9011.99
32 9004.51
33 9002.71
34 9024.29
35 9017.51
36 8866.19
37 8957.35
38 8955.11
39 9029.17
40 9012.05
41 9044.29
42 9033.46
43 9057.97
44 9041.58
45 9040.29
46 9007.27
47 8978.73
48 8991.79
49 8957.84
50 9009.50
51 8954.48
52 8989.51
53 8978.75
54 8984.40
55 8989.44
56 8960.41
57 8968.87
58 9008.35
59 9005.43
60 9011.32
61 8987.43
62 8996.07
63 8996.69
64 8964.95
